mrr: 0.13847979052624262
h1: 0.030927835051546393
h5: 0.2268041237113402
h10: 0.28865979381443296
