mrr: 0.1557064917570487
h1: 0.030927835051546393
h5: 0.24742268041237114
h10: 0.3711340206185567
