f1: 0.49893733151094527
mAP: 0.04052981872085701
